3.753898733742111745e+03 inf 0.000000000000000000e+00
3.290241220518002137e+03 inf 0.000000000000000000e+00
4.515950804321636497e+03 inf 0.000000000000000000e+00
4.590761651029887616e+03 inf 0.000000000000000000e+00
4.210214453197935654e+03 inf 0.000000000000000000e+00
4.023851563337677817e+03 inf 0.000000000000000000e+00
4.763401252706302330e+03 inf 0.000000000000000000e+00
3.592618466932814499e+03 inf 0.000000000000000000e+00
4.129837300988960124e+03 inf 0.000000000000000000e+00
5.345605867241020860e+03 inf 0.000000000000000000e+00
3.953173551449788192e+03 inf 0.000000000000000000e+00
3.709685168545939632e+03 inf 0.000000000000000000e+00
3.656565810104118555e+03 inf 0.000000000000000000e+00
3.099161655955552305e+03 inf 0.000000000000000000e+00
5.129493634914133509e+03 inf 0.000000000000000000e+00
5.069643350496980929e+03 inf 0.000000000000000000e+00
3.626778123610820330e+03 inf 0.000000000000000000e+00
3.620428948995217979e+03 inf 0.000000000000000000e+00
3.421040923752519120e+03 inf 0.000000000000000000e+00
4.787322644829700948e+03 inf 0.000000000000000000e+00
3.113306547176764525e+03 inf 0.000000000000000000e+00
3.548651296757779164e+03 inf 0.000000000000000000e+00
3.591676442350237721e+03 inf 0.000000000000000000e+00
4.701621814258334780e+03 inf 0.000000000000000000e+00
2.928863971711467912e+03 inf 0.000000000000000000e+00
4.115326389037119952e+03 inf 0.000000000000000000e+00
3.882998819395961164e+03 inf 0.000000000000000000e+00
4.647564172078917181e+03 inf 0.000000000000000000e+00
4.110131623677496464e+03 inf 0.000000000000000000e+00
4.128583180477400674e+03 inf 0.000000000000000000e+00
2.905321431699048389e+03 inf 0.000000000000000000e+00
4.122279026983896074e+03 inf 0.000000000000000000e+00
3.707944921515374972e+03 inf 0.000000000000000000e+00
4.862651255432424477e+03 inf 0.000000000000000000e+00
3.922004669485732848e+03 inf 0.000000000000000000e+00
3.807294922716797828e+03 inf 0.000000000000000000e+00
4.757946810954046668e+03 inf 0.000000000000000000e+00
3.123132473795811620e+03 inf 0.000000000000000000e+00
3.475813724978475875e+03 inf 0.000000000000000000e+00
3.605754687029617344e+03 inf 0.000000000000000000e+00
3.731825879820074988e+03 inf 0.000000000000000000e+00
4.166135963542587888e+03 inf 0.000000000000000000e+00
4.088142723178263623e+03 inf 0.000000000000000000e+00
3.639546244385004229e+03 inf 0.000000000000000000e+00
4.905094371996517111e+03 inf 0.000000000000000000e+00
5.323379299146739868e+03 inf 0.000000000000000000e+00
4.375962861653429172e+03 inf 0.000000000000000000e+00
3.037698475373643305e+03 inf 0.000000000000000000e+00
3.641679285860563141e+03 inf 0.000000000000000000e+00
3.175564612634201694e+03 inf 0.000000000000000000e+00
4.015738569169313450e+03 inf 0.000000000000000000e+00
4.022128107898000962e+03 inf 0.000000000000000000e+00
4.149099453313639060e+03 inf 0.000000000000000000e+00
3.266293551728567309e+03 inf 0.000000000000000000e+00
4.511898151476793828e+03 inf 0.000000000000000000e+00
4.948471657260432949e+03 inf 0.000000000000000000e+00
3.875998291266615070e+03 inf 0.000000000000000000e+00
3.538974029866436922e+03 inf 0.000000000000000000e+00
3.493614188849776383e+03 inf 0.000000000000000000e+00
4.422929864817578164e+03 inf 0.000000000000000000e+00
3.066740330600757261e+03 inf 0.000000000000000000e+00
3.427101584345103220e+03 inf 0.000000000000000000e+00
4.757945959995163321e+03 inf 0.000000000000000000e+00
3.379345359492604530e+03 inf 0.000000000000000000e+00
3.971826524362240889e+03 inf 0.000000000000000000e+00
4.788129533760078630e+03 inf 0.000000000000000000e+00
3.798242676149252020e+03 inf 0.000000000000000000e+00
2.978349010760676720e+03 inf 0.000000000000000000e+00
3.713074150433235900e+03 inf 0.000000000000000000e+00
4.039131535181135405e+03 inf 0.000000000000000000e+00
4.273659842451904296e+03 inf 0.000000000000000000e+00
3.723432153598824243e+03 inf 0.000000000000000000e+00
3.825804188234990761e+03 inf 0.000000000000000000e+00
3.455129075649266724e+03 inf 0.000000000000000000e+00
4.165197046585423777e+03 inf 0.000000000000000000e+00
3.738005733018771934e+03 inf 0.000000000000000000e+00
4.804611320264932147e+03 inf 0.000000000000000000e+00
5.173298779331692458e+03 inf 0.000000000000000000e+00
3.092663435790379026e+03 inf 0.000000000000000000e+00
3.024883142378980210e+03 inf 0.000000000000000000e+00
4.557026280681361641e+03 inf 0.000000000000000000e+00
5.028505150592050995e+03 inf 0.000000000000000000e+00
3.388926185073121360e+03 inf 0.000000000000000000e+00
2.543785206804517202e+03 inf 0.000000000000000000e+00
4.758944697211250968e+03 inf 0.000000000000000000e+00
3.457558415379804046e+03 inf 0.000000000000000000e+00
4.600818937907274631e+03 inf 0.000000000000000000e+00
3.837122021079379465e+03 inf 0.000000000000000000e+00
2.524830972251222647e+03 inf 0.000000000000000000e+00
3.897759497448636466e+03 inf 0.000000000000000000e+00
5.535246434285169016e+03 inf 0.000000000000000000e+00
5.930080892007075818e+03 inf 0.000000000000000000e+00
4.747690806934258035e+03 inf 0.000000000000000000e+00
3.894764778026364638e+03 inf 0.000000000000000000e+00
3.590239478558496103e+03 inf 0.000000000000000000e+00
3.752256020019386142e+03 inf 0.000000000000000000e+00
3.940424187044454357e+03 inf 0.000000000000000000e+00
3.893378815935250259e+03 inf 0.000000000000000000e+00
3.603355111673755346e+03 inf 0.000000000000000000e+00
3.679254593954897246e+03 inf 0.000000000000000000e+00
3.788177137946230232e+03 inf 0.000000000000000000e+00
4.232246660847958992e+03 inf 0.000000000000000000e+00
3.658588992829405015e+03 inf 0.000000000000000000e+00
4.079986848331689544e+03 inf 0.000000000000000000e+00
4.330783241345901843e+03 inf 0.000000000000000000e+00
3.707780543175113053e+03 inf 0.000000000000000000e+00
3.520100074508285161e+03 inf 0.000000000000000000e+00
4.946460437288870708e+03 inf 0.000000000000000000e+00
3.561590435224831708e+03 inf 0.000000000000000000e+00
4.110022356309862516e+03 inf 0.000000000000000000e+00
4.681261219833718314e+03 inf 0.000000000000000000e+00
3.781628306127657197e+03 inf 0.000000000000000000e+00
3.918655302745843983e+03 inf 0.000000000000000000e+00
3.659403686136348369e+03 inf 0.000000000000000000e+00
4.558844082663591507e+03 inf 0.000000000000000000e+00
3.598415775450063393e+03 inf 0.000000000000000000e+00
3.388214877411918224e+03 inf 0.000000000000000000e+00
3.694558400916568189e+03 inf 0.000000000000000000e+00
4.809465655994218650e+03 inf 0.000000000000000000e+00
4.275799922470534511e+03 inf 0.000000000000000000e+00
4.728802866177561555e+03 inf 0.000000000000000000e+00
4.222088367781973830e+03 inf 0.000000000000000000e+00
3.995071398934355329e+03 inf 0.000000000000000000e+00
4.149951480520703626e+03 inf 0.000000000000000000e+00
4.336789068009264156e+03 inf 0.000000000000000000e+00
4.665812087098750453e+03 inf 0.000000000000000000e+00
4.214520142261875662e+03 inf 0.000000000000000000e+00
5.199200936612882288e+03 inf 0.000000000000000000e+00
5.017241002972231399e+03 inf 0.000000000000000000e+00
5.756303872100033914e+03 inf 0.000000000000000000e+00
4.060766964599471976e+03 inf 0.000000000000000000e+00
4.678777531966790775e+03 inf 0.000000000000000000e+00
3.530766815373450754e+03 inf 0.000000000000000000e+00
4.920383929067310419e+03 inf 0.000000000000000000e+00
6.124636326949942486e+03 inf 0.000000000000000000e+00
4.640196502079429592e+03 inf 0.000000000000000000e+00
2.583576897715470750e+03 inf 0.000000000000000000e+00
3.560893350029017256e+03 inf 0.000000000000000000e+00
4.429607663010350734e+03 inf 0.000000000000000000e+00
3.528477710171575382e+03 inf 0.000000000000000000e+00
3.545480573209033537e+03 inf 0.000000000000000000e+00
2.879681042235608402e+03 inf 0.000000000000000000e+00
4.811914801202225135e+03 inf 0.000000000000000000e+00
3.967132782451281855e+03 inf 0.000000000000000000e+00
5.548729621195875552e+03 inf 0.000000000000000000e+00
4.311135027028728473e+03 inf 0.000000000000000000e+00
3.058737511314926451e+03 inf 0.000000000000000000e+00
3.041462071459343406e+03 inf 0.000000000000000000e+00
4.514882605713213707e+03 inf 0.000000000000000000e+00
3.335255851273711869e+03 inf 0.000000000000000000e+00
3.913462046731405280e+03 inf 0.000000000000000000e+00
4.723360635187840671e+03 inf 0.000000000000000000e+00
4.353808944485239408e+03 inf 0.000000000000000000e+00
3.682689955346518218e+03 inf 0.000000000000000000e+00
4.382902119904194478e+03 inf 0.000000000000000000e+00
5.502305963737642742e+03 inf 0.000000000000000000e+00
4.675889897761974680e+03 inf 0.000000000000000000e+00
3.435477774739645611e+03 inf 0.000000000000000000e+00
4.949410079672255961e+03 inf 0.000000000000000000e+00
4.087669182742232806e+03 inf 0.000000000000000000e+00
4.224813656687549155e+03 inf 0.000000000000000000e+00
4.189135972629774187e+03 inf 0.000000000000000000e+00
4.559392582241352102e+03 inf 0.000000000000000000e+00
3.546122359442755624e+03 inf 0.000000000000000000e+00
4.521289847018039836e+03 inf 0.000000000000000000e+00
5.131054238793397417e+03 inf 0.000000000000000000e+00
5.049268568676421637e+03 inf 0.000000000000000000e+00
3.802929858993069047e+03 inf 0.000000000000000000e+00
3.935423386451187525e+03 inf 0.000000000000000000e+00
5.031907600448610538e+03 inf 0.000000000000000000e+00
4.919889506901254208e+03 inf 0.000000000000000000e+00
4.290999671082090572e+03 inf 0.000000000000000000e+00
4.731945714292213779e+03 inf 0.000000000000000000e+00
3.839526677683126763e+03 inf 0.000000000000000000e+00
4.327570729681097873e+03 inf 0.000000000000000000e+00
4.531918234779254817e+03 inf 0.000000000000000000e+00
4.517239703897665095e+03 inf 0.000000000000000000e+00
3.805471946691922312e+03 inf 0.000000000000000000e+00
4.507175416233824762e+03 inf 0.000000000000000000e+00
3.901771726901858528e+03 inf 0.000000000000000000e+00
4.591432732143584872e+03 inf 0.000000000000000000e+00
5.558769504756862261e+03 inf 0.000000000000000000e+00
4.182029576611670564e+03 inf 0.000000000000000000e+00
3.745339545248416925e+03 inf 0.000000000000000000e+00
4.260112919377574144e+03 inf 0.000000000000000000e+00
3.861890479420335396e+03 inf 0.000000000000000000e+00
3.120280598093675053e+03 inf 0.000000000000000000e+00
4.256182492770763020e+03 inf 0.000000000000000000e+00
4.469097577042884950e+03 inf 0.000000000000000000e+00
4.294071272013708040e+03 inf 0.000000000000000000e+00
5.362916405096940252e+03 inf 0.000000000000000000e+00
3.604923993802889527e+03 inf 0.000000000000000000e+00
4.707150791478060455e+03 inf 0.000000000000000000e+00
4.119336517666808504e+03 inf 0.000000000000000000e+00
4.719506657160067334e+03 inf 0.000000000000000000e+00
3.374540729910500886e+03 inf 0.000000000000000000e+00
4.065812065765564967e+03 inf 0.000000000000000000e+00
5.679108517079516787e+03 inf 0.000000000000000000e+00
3.596682771937256348e+03 inf 0.000000000000000000e+00
3.225930327267571556e+03 inf 0.000000000000000000e+00
4.848729051449447070e+03 inf 0.000000000000000000e+00
3.878638535969724671e+03 inf 0.000000000000000000e+00
4.371829586389528231e+03 inf 0.000000000000000000e+00
3.418636806543859166e+03 inf 0.000000000000000000e+00
3.740761120124032459e+03 inf 0.000000000000000000e+00
4.555544982338583395e+03 inf 0.000000000000000000e+00
4.412652187866624445e+03 inf 0.000000000000000000e+00
5.178079684632604767e+03 inf 0.000000000000000000e+00
3.683814521150083237e+03 inf 0.000000000000000000e+00
3.927990979327345940e+03 inf 0.000000000000000000e+00
4.298584763319561716e+03 inf 0.000000000000000000e+00
4.538640116971082534e+03 inf 0.000000000000000000e+00
3.717144327209081439e+03 inf 0.000000000000000000e+00
4.533727145861812460e+03 inf 0.000000000000000000e+00
3.750152293071905206e+03 inf 0.000000000000000000e+00
4.068585677225146810e+03 inf 0.000000000000000000e+00
3.769764253718363307e+03 inf 0.000000000000000000e+00
3.609394865885517902e+03 inf 0.000000000000000000e+00
3.744347542400154907e+03 inf 0.000000000000000000e+00
3.523923964120848268e+03 inf 0.000000000000000000e+00
3.819976955595118852e+03 inf 0.000000000000000000e+00
4.358074627159951888e+03 inf 0.000000000000000000e+00
3.823601090339747316e+03 inf 0.000000000000000000e+00
3.550269164409281530e+03 inf 0.000000000000000000e+00
4.126346781182501218e+03 inf 0.000000000000000000e+00
2.556073482400606736e+03 inf 0.000000000000000000e+00
4.680693354352700226e+03 inf 0.000000000000000000e+00
3.382614110599057312e+03 inf 0.000000000000000000e+00
3.905750128110841160e+03 inf 0.000000000000000000e+00
4.325685882961524840e+03 inf 0.000000000000000000e+00
3.936698813722262912e+03 inf 0.000000000000000000e+00
4.815084532487930119e+03 inf 0.000000000000000000e+00
3.370333348768609540e+03 inf 0.000000000000000000e+00
3.390170313145904856e+03 inf 0.000000000000000000e+00
3.928648786352273419e+03 inf 0.000000000000000000e+00
3.664091071488621310e+03 inf 0.000000000000000000e+00
4.862312596555915661e+03 inf 0.000000000000000000e+00
4.035104308225550994e+03 inf 0.000000000000000000e+00
4.311245490079720184e+03 inf 0.000000000000000000e+00
4.537455170404061391e+03 inf 0.000000000000000000e+00
4.615646298848360857e+03 inf 0.000000000000000000e+00
4.904156581633924361e+03 inf 0.000000000000000000e+00
3.378016459955948449e+03 inf 0.000000000000000000e+00
3.945303228173780553e+03 inf 0.000000000000000000e+00
3.561656076930783001e+03 inf 0.000000000000000000e+00
4.247543445227946904e+03 inf 0.000000000000000000e+00
3.583497990228075651e+03 inf 0.000000000000000000e+00
2.826923269517919380e+03 inf 0.000000000000000000e+00
4.346554969733922007e+03 inf 0.000000000000000000e+00
4.781524843926060385e+03 inf 0.000000000000000000e+00
3.930575810199829903e+03 inf 0.000000000000000000e+00
3.879799851238172323e+03 inf 0.000000000000000000e+00
3.995569994636086449e+03 inf 0.000000000000000000e+00
4.716566966639764360e+03 inf 0.000000000000000000e+00
3.838430684262057184e+03 inf 0.000000000000000000e+00
2.618592794581716134e+03 inf 0.000000000000000000e+00
4.157144717256471267e+03 inf 0.000000000000000000e+00
3.600938168555234824e+03 inf 0.000000000000000000e+00
4.936617690469433001e+03 inf 0.000000000000000000e+00
3.556014717231823397e+03 inf 0.000000000000000000e+00
4.089877648552789196e+03 inf 0.000000000000000000e+00
4.005806194099409822e+03 inf 0.000000000000000000e+00
3.959562967506572477e+03 inf 0.000000000000000000e+00
3.181227771830956499e+03 inf 0.000000000000000000e+00
4.212037364685397733e+03 inf 0.000000000000000000e+00
3.306179398830816808e+03 inf 0.000000000000000000e+00
4.588012681360608440e+03 inf 0.000000000000000000e+00
4.770712564411986023e+03 inf 0.000000000000000000e+00
4.839680963883884033e+03 inf 0.000000000000000000e+00
4.340501740273113683e+03 inf 0.000000000000000000e+00
4.909111087568850962e+03 inf 0.000000000000000000e+00
4.033297815255851219e+03 inf 0.000000000000000000e+00
3.023738284007599759e+03 inf 0.000000000000000000e+00
2.988468918100642441e+03 inf 0.000000000000000000e+00
4.193073324076841345e+03 inf 0.000000000000000000e+00
3.493750408954198065e+03 inf 0.000000000000000000e+00
4.052253504490368414e+03 inf 0.000000000000000000e+00
4.764954843220533803e+03 inf 0.000000000000000000e+00
3.419238312666723687e+03 inf 0.000000000000000000e+00
2.866959747207250530e+03 inf 0.000000000000000000e+00
5.010864803480313640e+03 inf 0.000000000000000000e+00
3.216703405514324004e+03 inf 0.000000000000000000e+00
4.764135901758158980e+03 inf 0.000000000000000000e+00
3.763894013432901374e+03 inf 0.000000000000000000e+00
4.411893943274479170e+03 inf 0.000000000000000000e+00
3.956742964481258241e+03 inf 0.000000000000000000e+00
3.739018197281215180e+03 inf 0.000000000000000000e+00
4.377277107803432955e+03 inf 0.000000000000000000e+00
3.981429103042523366e+03 inf 0.000000000000000000e+00
4.323250447237203844e+03 inf 0.000000000000000000e+00
4.093319304247544551e+03 inf 0.000000000000000000e+00
3.806489744170859922e+03 inf 0.000000000000000000e+00
4.878256529990879244e+03 inf 0.000000000000000000e+00
6.347736022263125051e+03 inf 0.000000000000000000e+00
4.141662052853540445e+03 inf 0.000000000000000000e+00
3.910459364995970645e+03 inf 0.000000000000000000e+00
5.295753035736874153e+03 inf 0.000000000000000000e+00
4.089024856456068846e+03 inf 0.000000000000000000e+00
3.525246071238111199e+03 inf 0.000000000000000000e+00
4.074657283463566273e+03 inf 0.000000000000000000e+00
3.295620114244699380e+03 inf 0.000000000000000000e+00
3.460217058916016867e+03 inf 0.000000000000000000e+00
2.425408253644861361e+03 inf 0.000000000000000000e+00
4.616979014645216921e+03 inf 0.000000000000000000e+00
4.367372287149690237e+03 inf 0.000000000000000000e+00
4.726995590879179872e+03 inf 0.000000000000000000e+00
4.430425418310263922e+03 inf 0.000000000000000000e+00
4.241971967513992240e+03 inf 0.000000000000000000e+00
4.082028636878620091e+03 inf 0.000000000000000000e+00
3.825237700435619900e+03 inf 0.000000000000000000e+00
4.196531678623222433e+03 inf 0.000000000000000000e+00
5.580050642516914195e+03 inf 0.000000000000000000e+00
2.953273878555067313e+03 inf 0.000000000000000000e+00
4.468945897469732699e+03 inf 0.000000000000000000e+00
4.590152830756814183e+03 inf 0.000000000000000000e+00
3.528910957793849320e+03 inf 0.000000000000000000e+00
3.377085176848609990e+03 inf 0.000000000000000000e+00
4.449513051512271886e+03 inf 0.000000000000000000e+00
3.829781282655595987e+03 inf 0.000000000000000000e+00
3.745474006028152417e+03 inf 0.000000000000000000e+00
3.641364836663976803e+03 inf 0.000000000000000000e+00
4.715194519708971711e+03 inf 0.000000000000000000e+00
4.189891425101483946e+03 inf 0.000000000000000000e+00
4.688999885383920628e+03 inf 0.000000000000000000e+00
4.619343155991983622e+03 inf 0.000000000000000000e+00
3.662824409480571376e+03 inf 0.000000000000000000e+00
2.877910216661126015e+03 inf 0.000000000000000000e+00
4.044740695769201011e+03 inf 0.000000000000000000e+00
4.803599397342058182e+03 inf 0.000000000000000000e+00
4.097453016347573794e+03 inf 0.000000000000000000e+00
4.072949876440355183e+03 inf 0.000000000000000000e+00
4.020339063556282326e+03 inf 0.000000000000000000e+00
3.352118668400155457e+03 inf 0.000000000000000000e+00
5.213310662632560707e+03 inf 0.000000000000000000e+00
4.350206353074341678e+03 inf 0.000000000000000000e+00
4.477513077270174108e+03 inf 0.000000000000000000e+00
4.092070526881724163e+03 inf 0.000000000000000000e+00
4.748122934255833570e+03 inf 0.000000000000000000e+00
4.791570264461586703e+03 inf 0.000000000000000000e+00
3.990253557198487215e+03 inf 0.000000000000000000e+00
3.916005005809259728e+03 inf 0.000000000000000000e+00
4.328239392161420255e+03 inf 0.000000000000000000e+00
4.420212677379782690e+03 inf 0.000000000000000000e+00
3.444179510440824743e+03 inf 0.000000000000000000e+00
3.872245605553204769e+03 inf 0.000000000000000000e+00
4.371169934906912204e+03 inf 0.000000000000000000e+00
5.013163713475945769e+03 inf 0.000000000000000000e+00
3.610262738595107294e+03 inf 0.000000000000000000e+00
4.192891258124333945e+03 inf 0.000000000000000000e+00
4.427095535404334441e+03 inf 0.000000000000000000e+00
4.717317213926009572e+03 inf 0.000000000000000000e+00
3.826927062353994643e+03 inf 0.000000000000000000e+00
4.854380882767720323e+03 inf 0.000000000000000000e+00
3.807469394495213692e+03 inf 0.000000000000000000e+00
4.291793284054122523e+03 inf 0.000000000000000000e+00
3.199907797341680634e+03 inf 0.000000000000000000e+00
3.841680490018219643e+03 inf 0.000000000000000000e+00
4.511076820107977255e+03 inf 0.000000000000000000e+00
2.830064928791580769e+03 inf 0.000000000000000000e+00
4.650479736492539814e+03 inf 0.000000000000000000e+00
4.094894261848887254e+03 inf 0.000000000000000000e+00
4.011345661993359499e+03 inf 0.000000000000000000e+00
3.066435114737729691e+03 inf 0.000000000000000000e+00
4.466560720388179107e+03 inf 0.000000000000000000e+00
5.291243898363928565e+03 inf 0.000000000000000000e+00
3.702511189396465852e+03 inf 0.000000000000000000e+00
3.631739149066705068e+03 inf 0.000000000000000000e+00
4.954033682518275782e+03 inf 0.000000000000000000e+00
2.668611794533447210e+03 inf 0.000000000000000000e+00
4.490978222681099396e+03 inf 0.000000000000000000e+00
3.762234531006432917e+03 inf 0.000000000000000000e+00
4.553826140727752318e+03 inf 0.000000000000000000e+00
3.262941536102805458e+03 inf 0.000000000000000000e+00
4.855469567183643449e+03 inf 0.000000000000000000e+00
4.254434355357130698e+03 inf 0.000000000000000000e+00
4.519259480663931754e+03 inf 0.000000000000000000e+00
3.572473157057867411e+03 inf 0.000000000000000000e+00
6.124594261691800057e+03 inf 0.000000000000000000e+00
3.888255357162301607e+03 inf 0.000000000000000000e+00
4.439938488688158031e+03 inf 0.000000000000000000e+00
3.598299824709952645e+03 inf 0.000000000000000000e+00
3.580814443988630046e+03 inf 0.000000000000000000e+00
2.495733874584903788e+03 inf 0.000000000000000000e+00
4.922149866207653758e+03 inf 0.000000000000000000e+00
3.685780204788311949e+03 inf 0.000000000000000000e+00
4.136594424502241054e+03 inf 0.000000000000000000e+00
4.224605078830708408e+03 inf 0.000000000000000000e+00
3.471321461824897142e+03 inf 0.000000000000000000e+00
3.542965235235363252e+03 inf 0.000000000000000000e+00
4.047565321258051881e+03 inf 0.000000000000000000e+00
3.828965285956795014e+03 inf 0.000000000000000000e+00
3.048492754918540868e+03 inf 0.000000000000000000e+00
3.681981035171168060e+03 inf 0.000000000000000000e+00
3.798391554318580347e+03 inf 0.000000000000000000e+00
4.196355674305374123e+03 inf 0.000000000000000000e+00
3.708558475491167883e+03 inf 0.000000000000000000e+00
3.962387344621213742e+03 inf 0.000000000000000000e+00
3.694240344591901703e+03 inf 0.000000000000000000e+00
3.581682325907574977e+03 inf 0.000000000000000000e+00
4.709427949191211155e+03 inf 0.000000000000000000e+00
4.724571223282848223e+03 inf 0.000000000000000000e+00
4.280805495889144368e+03 inf 0.000000000000000000e+00
4.108082263334224990e+03 inf 0.000000000000000000e+00
3.873221523956748115e+03 inf 0.000000000000000000e+00
3.587244433834035135e+03 inf 0.000000000000000000e+00
4.421783299196596090e+03 inf 0.000000000000000000e+00
3.647053630259136753e+03 inf 0.000000000000000000e+00
4.070462177890203748e+03 inf 0.000000000000000000e+00
3.950063610889795655e+03 inf 0.000000000000000000e+00
5.232586155867875277e+03 inf 0.000000000000000000e+00
4.565630892705006772e+03 inf 0.000000000000000000e+00
4.274442000061563704e+03 inf 0.000000000000000000e+00
3.838364250298259776e+03 inf 0.000000000000000000e+00
3.276771107932078849e+03 inf 0.000000000000000000e+00
3.384117602548345531e+03 inf 0.000000000000000000e+00
4.144620470252734776e+03 inf 0.000000000000000000e+00
4.346809525127037887e+03 inf 0.000000000000000000e+00
4.358428087558216248e+03 inf 0.000000000000000000e+00
4.877321634998021182e+03 inf 0.000000000000000000e+00
3.231517632427682202e+03 inf 0.000000000000000000e+00
3.288127905564669163e+03 inf 0.000000000000000000e+00
4.036262971370782452e+03 inf 0.000000000000000000e+00
4.206952310437503002e+03 inf 0.000000000000000000e+00
4.304647538186154634e+03 inf 0.000000000000000000e+00
4.154079057526438191e+03 inf 0.000000000000000000e+00
3.818724623575255009e+03 inf 0.000000000000000000e+00
3.281582315688579911e+03 inf 0.000000000000000000e+00
3.497490111698482906e+03 inf 0.000000000000000000e+00
5.282046730519846278e+03 inf 0.000000000000000000e+00
2.862120283406276030e+03 inf 0.000000000000000000e+00
4.486055498507932498e+03 inf 0.000000000000000000e+00
4.539431161171834901e+03 inf 0.000000000000000000e+00
4.577650928019219464e+03 inf 0.000000000000000000e+00
4.148106985827184872e+03 inf 0.000000000000000000e+00
4.162941246633736228e+03 inf 0.000000000000000000e+00
3.438844960518307289e+03 inf 0.000000000000000000e+00
3.700412186521204603e+03 inf 0.000000000000000000e+00
4.134779774599566736e+03 inf 0.000000000000000000e+00
3.555547636634004903e+03 inf 0.000000000000000000e+00
4.562787290619526175e+03 inf 0.000000000000000000e+00
4.518387705506172097e+03 inf 0.000000000000000000e+00
3.822200427037269947e+03 inf 0.000000000000000000e+00
4.524536101850131672e+03 inf 0.000000000000000000e+00
3.757515871409053034e+03 inf 0.000000000000000000e+00
3.752512298069316785e+03 inf 0.000000000000000000e+00
4.171588974263011551e+03 inf 0.000000000000000000e+00
4.585099731052533571e+03 inf 0.000000000000000000e+00
4.059091746795652398e+03 inf 0.000000000000000000e+00
2.996609335086960073e+03 inf 0.000000000000000000e+00
3.783898147740500917e+03 inf 0.000000000000000000e+00
3.590614073737082435e+03 inf 0.000000000000000000e+00
3.756008135282933381e+03 inf 0.000000000000000000e+00
3.900213783829327895e+03 inf 0.000000000000000000e+00
3.506391456126234971e+03 inf 0.000000000000000000e+00
4.025500937593405979e+03 inf 0.000000000000000000e+00
4.187498799991575652e+03 inf 0.000000000000000000e+00
4.397068801507074568e+03 inf 0.000000000000000000e+00
3.474390785567708008e+03 inf 0.000000000000000000e+00
2.792731116692268188e+03 inf 0.000000000000000000e+00
4.241589406257538940e+03 inf 0.000000000000000000e+00
4.736614165253873580e+03 inf 0.000000000000000000e+00
4.067714535838316351e+03 inf 0.000000000000000000e+00
3.155367867643109093e+03 inf 0.000000000000000000e+00
4.103242850601161990e+03 inf 0.000000000000000000e+00
3.835129315630013480e+03 inf 0.000000000000000000e+00
4.693728837813670907e+03 inf 0.000000000000000000e+00
4.235159011649151580e+03 inf 0.000000000000000000e+00
3.962511843152199617e+03 inf 0.000000000000000000e+00
4.255266025991158131e+03 inf 0.000000000000000000e+00
4.235713611621956261e+03 inf 0.000000000000000000e+00
4.157770626097296372e+03 inf 0.000000000000000000e+00
4.500368004924615889e+03 inf 0.000000000000000000e+00
4.024846244517676496e+03 inf 0.000000000000000000e+00
4.499005782741954135e+03 inf 0.000000000000000000e+00
4.374848007661473275e+03 inf 0.000000000000000000e+00
4.523806962435880450e+03 inf 0.000000000000000000e+00
2.999165766438368337e+03 inf 0.000000000000000000e+00
3.711389180275400577e+03 inf 0.000000000000000000e+00
4.588537813045069015e+03 inf 0.000000000000000000e+00
4.084376396995099185e+03 inf 0.000000000000000000e+00
3.919682671140863931e+03 inf 0.000000000000000000e+00
4.743179064936124632e+03 inf 0.000000000000000000e+00
4.793595986121235001e+03 inf 0.000000000000000000e+00
4.601355397480387182e+03 inf 0.000000000000000000e+00
5.768331420865128166e+03 inf 0.000000000000000000e+00
4.080242878131044108e+03 inf 0.000000000000000000e+00
3.411538150169627897e+03 inf 0.000000000000000000e+00
3.506235825223866414e+03 inf 0.000000000000000000e+00
2.993066029853249802e+03 inf 0.000000000000000000e+00
4.534923622167108078e+03 inf 0.000000000000000000e+00
4.743121301933774703e+03 inf 0.000000000000000000e+00
3.867020163177588984e+03 inf 0.000000000000000000e+00
4.874009322435505055e+03 inf 0.000000000000000000e+00
4.543584619751411992e+03 inf 0.000000000000000000e+00
4.087854332997558686e+03 inf 0.000000000000000000e+00
4.214124250807615681e+03 inf 0.000000000000000000e+00
4.454874715725441092e+03 inf 0.000000000000000000e+00
4.833808176107137115e+03 inf 0.000000000000000000e+00
3.978170723360292868e+03 inf 0.000000000000000000e+00
3.444632266446933045e+03 inf 0.000000000000000000e+00
4.333453615510683449e+03 inf 0.000000000000000000e+00
3.112169507911854907e+03 inf 0.000000000000000000e+00
4.372950551782887487e+03 inf 0.000000000000000000e+00
3.493385890324042521e+03 inf 0.000000000000000000e+00
3.918357153402901531e+03 inf 0.000000000000000000e+00
4.633546466890901684e+03 inf 0.000000000000000000e+00
4.298137346393897133e+03 inf 0.000000000000000000e+00
5.933387375847387375e+03 inf 0.000000000000000000e+00
4.656823276671322674e+03 inf 0.000000000000000000e+00
4.339789540918101011e+03 inf 0.000000000000000000e+00
3.225147370307183337e+03 inf 0.000000000000000000e+00
3.206166178417412993e+03 inf 0.000000000000000000e+00
4.263554413727469182e+03 inf 0.000000000000000000e+00
3.661674710911169768e+03 inf 0.000000000000000000e+00
3.669827555952600505e+03 inf 0.000000000000000000e+00
4.446649049234841186e+03 inf 0.000000000000000000e+00
4.098532916358411057e+03 inf 0.000000000000000000e+00
3.850287551106500814e+03 inf 0.000000000000000000e+00
3.977225155846833786e+03 inf 0.000000000000000000e+00
3.341905731433036181e+03 inf 0.000000000000000000e+00
3.380413797923834409e+03 inf 0.000000000000000000e+00
4.889781253900210686e+03 inf 0.000000000000000000e+00
4.289933370755392389e+03 inf 0.000000000000000000e+00
3.581060882135456268e+03 inf 0.000000000000000000e+00
4.222007007305097432e+03 inf 0.000000000000000000e+00
3.960266662839339460e+03 inf 0.000000000000000000e+00
2.994098012899120022e+03 inf 0.000000000000000000e+00
3.983837865755610437e+03 inf 0.000000000000000000e+00
3.492811614848010777e+03 inf 0.000000000000000000e+00
4.021225585262232926e+03 inf 0.000000000000000000e+00
4.192179953714146905e+03 inf 0.000000000000000000e+00
3.910033317460535727e+03 inf 0.000000000000000000e+00
4.974820291799808729e+03 inf 0.000000000000000000e+00
4.679330221899829667e+03 inf 0.000000000000000000e+00
5.192163977268342933e+03 inf 0.000000000000000000e+00
4.438620226563672986e+03 inf 0.000000000000000000e+00
2.725812480165252055e+03 inf 0.000000000000000000e+00
5.374841183385788099e+03 inf 0.000000000000000000e+00
4.045097514863263314e+03 inf 0.000000000000000000e+00
3.865678425865126428e+03 inf 0.000000000000000000e+00
3.670338170025789168e+03 inf 0.000000000000000000e+00
3.866288058779879975e+03 inf 0.000000000000000000e+00
4.302680808456275372e+03 inf 0.000000000000000000e+00
4.743171974391336335e+03 inf 0.000000000000000000e+00
4.359379920341219076e+03 inf 0.000000000000000000e+00
4.868014892813853294e+03 inf 0.000000000000000000e+00
4.853589420673484710e+03 inf 0.000000000000000000e+00
3.679036212222369613e+03 inf 0.000000000000000000e+00
4.059325618121455591e+03 inf 0.000000000000000000e+00
5.007616821556385730e+03 inf 0.000000000000000000e+00
3.781568883405288489e+03 inf 0.000000000000000000e+00
4.040805029705486504e+03 inf 0.000000000000000000e+00
3.778242552594843346e+03 inf 0.000000000000000000e+00
4.043722801177144902e+03 inf 0.000000000000000000e+00
4.232455984957185137e+03 inf 0.000000000000000000e+00
4.536962131564564515e+03 inf 0.000000000000000000e+00
3.891173232361396003e+03 inf 0.000000000000000000e+00
3.888287412986572690e+03 inf 0.000000000000000000e+00
5.363862625201544688e+03 inf 0.000000000000000000e+00
5.692584880186556802e+03 inf 0.000000000000000000e+00
4.551678941365195897e+03 inf 0.000000000000000000e+00
4.385620743612742444e+03 inf 0.000000000000000000e+00
3.606661087462936848e+03 inf 0.000000000000000000e+00
3.820491175051300615e+03 inf 0.000000000000000000e+00
3.974976224326931970e+03 inf 0.000000000000000000e+00
3.097964180182671953e+03 inf 0.000000000000000000e+00
3.747511553635616565e+03 inf 0.000000000000000000e+00
4.072454251549283981e+03 inf 0.000000000000000000e+00
5.949496000256720436e+03 inf 0.000000000000000000e+00
3.753682334846763297e+03 inf 0.000000000000000000e+00
4.065963304992864323e+03 inf 0.000000000000000000e+00
4.803276562889923298e+03 inf 0.000000000000000000e+00
4.153508865179926943e+03 inf 0.000000000000000000e+00
5.447791952374270295e+03 inf 0.000000000000000000e+00
3.191192139180731374e+03 inf 0.000000000000000000e+00
3.514717927019874423e+03 inf 0.000000000000000000e+00
4.251444452854955671e+03 inf 0.000000000000000000e+00
2.885254531277619208e+03 inf 0.000000000000000000e+00
4.569241009497698542e+03 inf 0.000000000000000000e+00
3.218810989238946149e+03 inf 0.000000000000000000e+00
3.737883040909908232e+03 inf 0.000000000000000000e+00
4.282533060820044739e+03 inf 0.000000000000000000e+00
4.279625562862300285e+03 inf 0.000000000000000000e+00
3.958593341057555335e+03 inf 0.000000000000000000e+00
3.579757679678799832e+03 inf 0.000000000000000000e+00
4.201031065797492374e+03 inf 0.000000000000000000e+00
3.254866112317243733e+03 inf 0.000000000000000000e+00
3.482374750005114947e+03 inf 0.000000000000000000e+00
4.163334571079171837e+03 inf 0.000000000000000000e+00
3.365170629951804131e+03 inf 0.000000000000000000e+00
4.271297844479634477e+03 inf 0.000000000000000000e+00
4.771444411550277437e+03 inf 0.000000000000000000e+00
3.401692495175709155e+03 inf 0.000000000000000000e+00
3.690402605052051968e+03 inf 0.000000000000000000e+00
3.030475423708211110e+03 inf 0.000000000000000000e+00
3.506258128743756515e+03 inf 0.000000000000000000e+00
3.968650179636375015e+03 inf 0.000000000000000000e+00
3.586328655491737209e+03 inf 0.000000000000000000e+00
4.015006742701282747e+03 inf 0.000000000000000000e+00
3.909886735895799575e+03 inf 0.000000000000000000e+00
3.946098663098921406e+03 inf 0.000000000000000000e+00
5.045133451195738417e+03 inf 0.000000000000000000e+00
3.589868399083548866e+03 inf 0.000000000000000000e+00
4.181093371923808263e+03 inf 0.000000000000000000e+00
3.252594345294010054e+03 inf 0.000000000000000000e+00
3.781988754342010907e+03 inf 0.000000000000000000e+00
4.376827084165619453e+03 inf 0.000000000000000000e+00
4.187019485045007059e+03 inf 0.000000000000000000e+00
4.056469195963205038e+03 inf 0.000000000000000000e+00
3.686759592936450645e+03 inf 0.000000000000000000e+00
3.882102997621863778e+03 inf 0.000000000000000000e+00
5.607458594864323459e+03 inf 0.000000000000000000e+00
5.581313604833459067e+03 inf 0.000000000000000000e+00
4.354013771331108728e+03 inf 0.000000000000000000e+00
4.029017028030208166e+03 inf 0.000000000000000000e+00
5.607154403837911559e+03 inf 0.000000000000000000e+00
4.593856832023159768e+03 inf 0.000000000000000000e+00
4.474776985825035808e+03 inf 0.000000000000000000e+00
4.197968090149443015e+03 inf 0.000000000000000000e+00
3.980091572367543904e+03 inf 0.000000000000000000e+00
3.490671081735681128e+03 inf 0.000000000000000000e+00
4.621593039093627340e+03 inf 0.000000000000000000e+00
5.986761184588818651e+03 inf 0.000000000000000000e+00
4.344042975917407603e+03 inf 0.000000000000000000e+00
3.012439329296866617e+03 inf 0.000000000000000000e+00
3.424034995346770302e+03 inf 0.000000000000000000e+00
4.138154966686347507e+03 inf 0.000000000000000000e+00
4.489149002951858165e+03 inf 0.000000000000000000e+00
4.286238100189408215e+03 inf 0.000000000000000000e+00
3.962968912186609941e+03 inf 0.000000000000000000e+00
4.851343664283212092e+03 inf 0.000000000000000000e+00
5.066607399505345711e+03 inf 0.000000000000000000e+00
3.657053146650117924e+03 inf 0.000000000000000000e+00
3.281882290708357687e+03 inf 0.000000000000000000e+00
3.463772271720794379e+03 inf 0.000000000000000000e+00
4.067316845017640389e+03 inf 0.000000000000000000e+00
4.273439245383583511e+03 inf 0.000000000000000000e+00
4.136044417496183087e+03 inf 0.000000000000000000e+00
4.854940156503317667e+03 inf 0.000000000000000000e+00
5.142253769182387259e+03 inf 0.000000000000000000e+00
4.729512046768113578e+03 inf 0.000000000000000000e+00
3.257141946456841197e+03 inf 0.000000000000000000e+00
3.985933398600883265e+03 inf 0.000000000000000000e+00
4.644993345454960036e+03 inf 0.000000000000000000e+00
4.636002438366295792e+03 inf 0.000000000000000000e+00
5.067917474203347410e+03 inf 0.000000000000000000e+00
4.117955341934019089e+03 inf 0.000000000000000000e+00
4.553048944529752589e+03 inf 0.000000000000000000e+00
5.131755767293815552e+03 inf 0.000000000000000000e+00
4.793830828103596104e+03 inf 0.000000000000000000e+00
4.789984238184475544e+03 inf 0.000000000000000000e+00
3.114201584438787449e+03 inf 0.000000000000000000e+00
4.809246803163190634e+03 inf 0.000000000000000000e+00
5.564923513742788600e+03 inf 0.000000000000000000e+00
4.588586161240571528e+03 inf 0.000000000000000000e+00
4.852393711082434493e+03 inf 0.000000000000000000e+00
3.471588085415858586e+03 inf 0.000000000000000000e+00
4.627623726029469253e+03 inf 0.000000000000000000e+00
5.145740425663182577e+03 inf 0.000000000000000000e+00
3.062110011976584701e+03 inf 0.000000000000000000e+00
4.510193181990740413e+03 inf 0.000000000000000000e+00
4.053589084009723592e+03 inf 0.000000000000000000e+00
4.667559402632810816e+03 inf 0.000000000000000000e+00
5.445165874241779420e+03 inf 0.000000000000000000e+00
4.391290025419380981e+03 inf 0.000000000000000000e+00
3.870010851714007003e+03 inf 0.000000000000000000e+00
3.396267883823329612e+03 inf 0.000000000000000000e+00
4.093537868983241424e+03 inf 0.000000000000000000e+00
3.442754417254716373e+03 inf 0.000000000000000000e+00
3.864945204461031608e+03 inf 0.000000000000000000e+00
5.002610706811500677e+03 inf 0.000000000000000000e+00
3.883625314358413107e+03 inf 0.000000000000000000e+00
4.181829273456605733e+03 inf 0.000000000000000000e+00
3.696833719627257778e+03 inf 0.000000000000000000e+00
4.124836071825813633e+03 inf 0.000000000000000000e+00
4.039993747573010296e+03 inf 0.000000000000000000e+00
4.303131122004118879e+03 inf 0.000000000000000000e+00
4.509628321431826407e+03 inf 0.000000000000000000e+00
3.982468291311873600e+03 inf 0.000000000000000000e+00
4.419193614594370047e+03 inf 0.000000000000000000e+00
4.438322927054233332e+03 inf 0.000000000000000000e+00
4.337598002128552253e+03 inf 0.000000000000000000e+00
2.763611207108100643e+03 inf 0.000000000000000000e+00
4.690516015768924262e+03 inf 0.000000000000000000e+00
4.057176797263704884e+03 inf 0.000000000000000000e+00
3.542485445163747045e+03 inf 0.000000000000000000e+00
4.575646600747345474e+03 inf 0.000000000000000000e+00
4.234728315314678184e+03 inf 0.000000000000000000e+00
4.042233672610412668e+03 inf 0.000000000000000000e+00
5.300698848655074471e+03 inf 0.000000000000000000e+00
4.183873625444984100e+03 inf 0.000000000000000000e+00
3.746011248279305619e+03 inf 0.000000000000000000e+00
2.991995764963298370e+03 inf 0.000000000000000000e+00
3.929196530002473992e+03 inf 0.000000000000000000e+00
3.388200775270120175e+03 inf 0.000000000000000000e+00
4.009639171248325056e+03 inf 0.000000000000000000e+00
3.867725897951007028e+03 inf 0.000000000000000000e+00
3.917000452025917639e+03 inf 0.000000000000000000e+00
4.968397499561979203e+03 inf 0.000000000000000000e+00
5.505798605300376039e+03 inf 0.000000000000000000e+00
4.580883428663815721e+03 inf 0.000000000000000000e+00
3.311352267522119746e+03 inf 0.000000000000000000e+00
3.296867911210902093e+03 inf 0.000000000000000000e+00
3.862877739151639616e+03 inf 0.000000000000000000e+00
4.438626669676601523e+03 inf 0.000000000000000000e+00
4.109306666800426683e+03 inf 0.000000000000000000e+00
4.145552537205137924e+03 inf 0.000000000000000000e+00
4.824628285729297204e+03 inf 0.000000000000000000e+00
4.662433387845835568e+03 inf 0.000000000000000000e+00
2.690804170741343114e+03 inf 0.000000000000000000e+00
4.527558651345901126e+03 inf 0.000000000000000000e+00
3.636650977681597851e+03 inf 0.000000000000000000e+00
2.503534172512109762e+03 inf 0.000000000000000000e+00
3.667225260669093586e+03 inf 0.000000000000000000e+00
3.386117563684833840e+03 inf 0.000000000000000000e+00
4.694265015421661701e+03 inf 0.000000000000000000e+00
3.157703108296109349e+03 inf 0.000000000000000000e+00
3.478708750803456041e+03 inf 0.000000000000000000e+00
3.574958669368813389e+03 inf 0.000000000000000000e+00
3.912396608219614336e+03 inf 0.000000000000000000e+00
3.779544961928185330e+03 inf 0.000000000000000000e+00
4.098641927428937379e+03 inf 0.000000000000000000e+00
3.494145743469791341e+03 inf 0.000000000000000000e+00
3.943565373075448861e+03 inf 0.000000000000000000e+00
3.907805954546524845e+03 inf 0.000000000000000000e+00
4.284656899863963190e+03 inf 0.000000000000000000e+00
4.150430633546140598e+03 inf 0.000000000000000000e+00
5.086195585007899354e+03 inf 0.000000000000000000e+00
3.393267383321524449e+03 inf 0.000000000000000000e+00
4.068422867093467175e+03 inf 0.000000000000000000e+00
3.656834021805287648e+03 inf 0.000000000000000000e+00
4.140137588680533554e+03 inf 0.000000000000000000e+00
4.327712477686457532e+03 inf 0.000000000000000000e+00
3.868393827174684247e+03 inf 0.000000000000000000e+00
4.089821141667179290e+03 inf 0.000000000000000000e+00
3.067845491390326970e+03 inf 0.000000000000000000e+00
3.612942592461932236e+03 inf 0.000000000000000000e+00
5.570869685299824596e+03 inf 0.000000000000000000e+00
4.627826014951517209e+03 inf 0.000000000000000000e+00
2.496857472760965720e+03 inf 0.000000000000000000e+00
4.438680986838574427e+03 inf 0.000000000000000000e+00
3.038481834835495192e+03 inf 0.000000000000000000e+00
4.545379982468556591e+03 inf 0.000000000000000000e+00
3.926491896242745042e+03 inf 0.000000000000000000e+00
4.199653386881749611e+03 inf 0.000000000000000000e+00
2.550164718271127640e+03 inf 0.000000000000000000e+00
4.314466386976735521e+03 inf 0.000000000000000000e+00
4.417526047477734210e+03 inf 0.000000000000000000e+00
3.240820185553155625e+03 inf 0.000000000000000000e+00
4.298836401259625745e+03 inf 0.000000000000000000e+00
4.440091753190115924e+03 inf 0.000000000000000000e+00
4.706933644568437558e+03 inf 0.000000000000000000e+00
3.605468451164011185e+03 inf 0.000000000000000000e+00
4.217682623204721494e+03 inf 0.000000000000000000e+00
3.877150914117938100e+03 inf 0.000000000000000000e+00
4.137566176912158880e+03 inf 0.000000000000000000e+00
3.542938301131471235e+03 inf 0.000000000000000000e+00
3.100586405076719529e+03 inf 0.000000000000000000e+00
4.084865016766524150e+03 inf 0.000000000000000000e+00
3.396681933998263503e+03 inf 0.000000000000000000e+00
4.654377655007611793e+03 inf 0.000000000000000000e+00
4.672132325597740419e+03 inf 0.000000000000000000e+00
4.027767590475451470e+03 inf 0.000000000000000000e+00
4.719035328165326973e+03 inf 0.000000000000000000e+00
3.794219773788858220e+03 inf 0.000000000000000000e+00
3.932888549090944252e+03 inf 0.000000000000000000e+00
2.867850699552898277e+03 inf 0.000000000000000000e+00
4.057380474011898514e+03 inf 0.000000000000000000e+00
3.242896104702743287e+03 inf 0.000000000000000000e+00
3.618004744312151615e+03 inf 0.000000000000000000e+00
4.213835918119676535e+03 inf 0.000000000000000000e+00
4.950724077035361915e+03 inf 0.000000000000000000e+00
2.544429942946209394e+03 inf 0.000000000000000000e+00
5.252495669482575067e+03 inf 0.000000000000000000e+00
3.990837754483585286e+03 inf 0.000000000000000000e+00
4.247110672852915741e+03 inf 0.000000000000000000e+00
2.852578079120245093e+03 inf 0.000000000000000000e+00
3.885567447667259330e+03 inf 0.000000000000000000e+00
3.020620517000278596e+03 inf 0.000000000000000000e+00
4.054876641368511628e+03 inf 0.000000000000000000e+00
3.448539482877469709e+03 inf 0.000000000000000000e+00
5.022999112781275471e+03 inf 0.000000000000000000e+00
2.193999989148325312e+03 inf 0.000000000000000000e+00
4.426122947642624240e+03 inf 0.000000000000000000e+00
3.026855182822323513e+03 inf 0.000000000000000000e+00
4.637330147571532507e+03 inf 0.000000000000000000e+00
4.646069956293533323e+03 inf 0.000000000000000000e+00
4.685823037036384449e+03 inf 0.000000000000000000e+00
3.138124774818027163e+03 inf 0.000000000000000000e+00
4.787492058285366511e+03 inf 0.000000000000000000e+00
3.031468022246780947e+03 inf 0.000000000000000000e+00
4.847169059763898076e+03 inf 0.000000000000000000e+00
3.835023349450622391e+03 inf 0.000000000000000000e+00
3.954778235885743925e+03 inf 0.000000000000000000e+00
3.373815351015033684e+03 inf 0.000000000000000000e+00
4.583585943916929864e+03 inf 0.000000000000000000e+00
5.116218027280784554e+03 inf 0.000000000000000000e+00
4.443350069446361886e+03 inf 0.000000000000000000e+00
2.838845606098624557e+03 inf 0.000000000000000000e+00
3.854458350731993960e+03 inf 0.000000000000000000e+00
4.592465052570592889e+03 inf 0.000000000000000000e+00
3.843379657224334551e+03 inf 0.000000000000000000e+00
3.209160901798503801e+03 inf 0.000000000000000000e+00
4.168318679275789691e+03 inf 0.000000000000000000e+00
3.592743852436859015e+03 inf 0.000000000000000000e+00
4.135287149300508645e+03 inf 0.000000000000000000e+00
4.664753073811816648e+03 inf 0.000000000000000000e+00
5.144230056864145809e+03 inf 0.000000000000000000e+00
3.175573699332268006e+03 inf 0.000000000000000000e+00
3.037862721018317643e+03 inf 0.000000000000000000e+00
4.413456694469628928e+03 inf 0.000000000000000000e+00
3.277258868518486906e+03 inf 0.000000000000000000e+00
3.635427378792449872e+03 inf 0.000000000000000000e+00
4.317921153516489539e+03 inf 0.000000000000000000e+00
4.506131627607442169e+03 inf 0.000000000000000000e+00
4.048560269710138982e+03 inf 0.000000000000000000e+00
4.391073988033677779e+03 inf 0.000000000000000000e+00
4.569386785877829425e+03 inf 0.000000000000000000e+00
3.433018611969447193e+03 inf 0.000000000000000000e+00
2.747830526917923635e+03 inf 0.000000000000000000e+00
4.041834755225783738e+03 inf 0.000000000000000000e+00
3.564816755325256963e+03 inf 0.000000000000000000e+00
4.506655134100850773e+03 inf 0.000000000000000000e+00
2.799492436538217589e+03 inf 0.000000000000000000e+00
3.434023827776670714e+03 inf 0.000000000000000000e+00
4.620485504291226789e+03 inf 0.000000000000000000e+00
5.517567033252157671e+03 inf 0.000000000000000000e+00
4.084927591852538626e+03 inf 0.000000000000000000e+00
3.479549711697929979e+03 inf 0.000000000000000000e+00
3.536795577025181046e+03 inf 0.000000000000000000e+00
3.456251999731316573e+03 inf 0.000000000000000000e+00
3.913324911641522249e+03 inf 0.000000000000000000e+00
4.313237718017300722e+03 inf 0.000000000000000000e+00
2.927783179139693402e+03 inf 0.000000000000000000e+00
2.642708825508255813e+03 inf 0.000000000000000000e+00
5.078959698277847565e+03 inf 0.000000000000000000e+00
4.665362441201466936e+03 inf 0.000000000000000000e+00
2.905064328488080719e+03 inf 0.000000000000000000e+00
3.650247835789824421e+03 inf 0.000000000000000000e+00
2.844858262928985368e+03 inf 0.000000000000000000e+00
3.858424359505766915e+03 inf 0.000000000000000000e+00
3.625931641690527158e+03 inf 0.000000000000000000e+00
4.590812282898009471e+03 inf 0.000000000000000000e+00
3.824879747084221435e+03 inf 0.000000000000000000e+00
3.275749276438014476e+03 inf 0.000000000000000000e+00
3.386605507343188037e+03 inf 0.000000000000000000e+00
3.314134735332810124e+03 inf 0.000000000000000000e+00
4.474652248266350398e+03 inf 0.000000000000000000e+00
3.251633472851451188e+03 inf 0.000000000000000000e+00
3.911783786186950238e+03 inf 0.000000000000000000e+00
3.365145624679641514e+03 inf 0.000000000000000000e+00
3.583279918627795269e+03 inf 0.000000000000000000e+00
4.158472299817021849e+03 inf 0.000000000000000000e+00
4.251402778456104897e+03 inf 0.000000000000000000e+00
4.319871197785162622e+03 inf 0.000000000000000000e+00
4.162792220820067087e+03 inf 0.000000000000000000e+00
3.478878875780670114e+03 inf 0.000000000000000000e+00
4.333712480868736748e+03 inf 0.000000000000000000e+00
3.950320596977393507e+03 inf 0.000000000000000000e+00
4.677510518613772547e+03 inf 0.000000000000000000e+00
3.575577702588287138e+03 inf 0.000000000000000000e+00
3.740671007612064386e+03 inf 0.000000000000000000e+00
3.590655885113406384e+03 inf 0.000000000000000000e+00
3.590598374434346169e+03 inf 0.000000000000000000e+00
3.816380444866949802e+03 inf 0.000000000000000000e+00
4.734421754270952988e+03 inf 0.000000000000000000e+00
3.355076629986401258e+03 inf 0.000000000000000000e+00
3.680398047012914958e+03 inf 0.000000000000000000e+00
4.353732810189478187e+03 inf 0.000000000000000000e+00
3.539835144650018719e+03 inf 0.000000000000000000e+00
4.340766156651370693e+03 inf 0.000000000000000000e+00
3.576058183237004414e+03 inf 0.000000000000000000e+00
3.793668506717057426e+03 inf 0.000000000000000000e+00
3.544686569365222567e+03 inf 0.000000000000000000e+00
4.177820174130624764e+03 inf 0.000000000000000000e+00
3.989546456397105885e+03 inf 0.000000000000000000e+00
3.423859847233767141e+03 inf 0.000000000000000000e+00
3.454396416485267764e+03 inf 0.000000000000000000e+00
2.911498722613747759e+03 inf 0.000000000000000000e+00
3.993936699144236172e+03 inf 0.000000000000000000e+00
4.600546798519795630e+03 inf 0.000000000000000000e+00
4.586619845723080289e+03 inf 0.000000000000000000e+00
3.622086772804844713e+03 inf 0.000000000000000000e+00
4.068051563449207606e+03 inf 0.000000000000000000e+00
3.141995588646817851e+03 inf 0.000000000000000000e+00
3.836944017694338072e+03 inf 0.000000000000000000e+00
4.383787212751150946e+03 inf 0.000000000000000000e+00
3.581598386532399672e+03 inf 0.000000000000000000e+00
2.549396270831264701e+03 inf 0.000000000000000000e+00
4.199356567831535358e+03 inf 0.000000000000000000e+00
4.821130219407073128e+03 inf 0.000000000000000000e+00
4.362610984085326891e+03 inf 0.000000000000000000e+00
3.471670497535682898e+03 inf 0.000000000000000000e+00
3.153430145455527963e+03 inf 0.000000000000000000e+00
3.466423711005948917e+03 inf 0.000000000000000000e+00
4.350855765714974041e+03 inf 0.000000000000000000e+00
4.219275071313869375e+03 inf 0.000000000000000000e+00
3.051512438967904927e+03 inf 0.000000000000000000e+00
2.693259578770293956e+03 inf 0.000000000000000000e+00
4.045474558198824980e+03 inf 0.000000000000000000e+00
4.494165046998891739e+03 inf 0.000000000000000000e+00
3.822725473256018176e+03 inf 0.000000000000000000e+00
3.457705298956085244e+03 inf 0.000000000000000000e+00
2.935390892901662028e+03 inf 0.000000000000000000e+00
4.282032686299619854e+03 inf 0.000000000000000000e+00
4.836571517472998494e+03 inf 0.000000000000000000e+00
3.670242345403224135e+03 inf 0.000000000000000000e+00
3.716489156963670666e+03 inf 0.000000000000000000e+00
3.289800033054196774e+03 inf 0.000000000000000000e+00
4.056411053626139164e+03 inf 0.000000000000000000e+00
4.446409401438942041e+03 inf 0.000000000000000000e+00
3.719458674264616548e+03 inf 0.000000000000000000e+00
3.961939756559321722e+03 inf 0.000000000000000000e+00
2.726812376613773267e+03 inf 0.000000000000000000e+00
4.154931218411380542e+03 inf 0.000000000000000000e+00
4.135419901213852427e+03 inf 0.000000000000000000e+00
4.020757870502754031e+03 inf 0.000000000000000000e+00
3.573185496318974856e+03 inf 0.000000000000000000e+00
4.838524432840231384e+03 inf 0.000000000000000000e+00
4.620402083225179922e+03 inf 0.000000000000000000e+00
4.014847301139470801e+03 inf 0.000000000000000000e+00
4.339631102113786255e+03 inf 0.000000000000000000e+00
4.395679465500301376e+03 inf 0.000000000000000000e+00
3.505936149876133641e+03 inf 0.000000000000000000e+00
3.859299512914362822e+03 inf 0.000000000000000000e+00
4.316139024392743522e+03 inf 0.000000000000000000e+00
4.668890429697399668e+03 inf 0.000000000000000000e+00
4.116082157806601572e+03 inf 0.000000000000000000e+00
4.154136518792690367e+03 inf 0.000000000000000000e+00
4.626268569777067569e+03 inf 0.000000000000000000e+00
2.828728674033232892e+03 inf 0.000000000000000000e+00
4.213605998791848833e+03 inf 0.000000000000000000e+00
3.843574213816272277e+03 inf 0.000000000000000000e+00
4.992027453859423986e+03 inf 0.000000000000000000e+00
4.086676138759236437e+03 inf 0.000000000000000000e+00
3.665355512696567985e+03 inf 0.000000000000000000e+00
3.104356628959143109e+03 inf 0.000000000000000000e+00
3.976156195656578348e+03 inf 0.000000000000000000e+00
4.015071296054896266e+03 inf 0.000000000000000000e+00
5.303204284826765615e+03 inf 0.000000000000000000e+00
2.971833251409324930e+03 inf 0.000000000000000000e+00
3.478347172010111535e+03 inf 0.000000000000000000e+00
3.678114890213114904e+03 inf 0.000000000000000000e+00
4.427206222528058788e+03 inf 0.000000000000000000e+00
4.447538127760486532e+03 inf 0.000000000000000000e+00
4.886296898245844204e+03 inf 0.000000000000000000e+00
4.407841530869964117e+03 inf 0.000000000000000000e+00
3.243150806426222516e+03 inf 0.000000000000000000e+00
4.315423540283895818e+03 inf 0.000000000000000000e+00
4.288086067554579131e+03 inf 0.000000000000000000e+00
3.618016960283096068e+03 inf 0.000000000000000000e+00
3.552048494696891339e+03 inf 0.000000000000000000e+00
3.805916598585731663e+03 inf 0.000000000000000000e+00
2.897990423786275642e+03 inf 0.000000000000000000e+00
4.015761125236045245e+03 inf 0.000000000000000000e+00
3.978286744963298133e+03 inf 0.000000000000000000e+00
4.330920576088851703e+03 inf 0.000000000000000000e+00
3.735036060412415281e+03 inf 0.000000000000000000e+00
3.801684359403463532e+03 inf 0.000000000000000000e+00
4.063162472042549780e+03 inf 0.000000000000000000e+00
4.761294033008881343e+03 inf 0.000000000000000000e+00
5.422119627804771881e+03 inf 0.000000000000000000e+00
4.108734256539376474e+03 inf 0.000000000000000000e+00
2.859921803314925910e+03 inf 0.000000000000000000e+00
5.214506376919731338e+03 inf 0.000000000000000000e+00
3.919677163179917443e+03 inf 0.000000000000000000e+00
4.707664948255328454e+03 inf 0.000000000000000000e+00
3.801075212183774966e+03 inf 0.000000000000000000e+00
3.288913323386866978e+03 inf 0.000000000000000000e+00
4.829834468920535073e+03 inf 0.000000000000000000e+00
4.870920956146233038e+03 inf 0.000000000000000000e+00
4.264156555796753310e+03 inf 0.000000000000000000e+00
4.744662770917796479e+03 inf 0.000000000000000000e+00
3.237207347905408824e+03 inf 0.000000000000000000e+00
2.367157133742246060e+03 inf 0.000000000000000000e+00
4.095578411832486381e+03 inf 0.000000000000000000e+00
3.270790115030556535e+03 inf 0.000000000000000000e+00
4.481070489764543709e+03 inf 0.000000000000000000e+00
3.104552263104007579e+03 inf 0.000000000000000000e+00
5.385042898197652903e+03 inf 0.000000000000000000e+00
3.285400685176345178e+03 inf 0.000000000000000000e+00
4.613822596844161126e+03 inf 0.000000000000000000e+00
3.939197255771251093e+03 inf 0.000000000000000000e+00
3.875301015172557072e+03 inf 0.000000000000000000e+00
2.628292501592603912e+03 inf 0.000000000000000000e+00
4.848991211301463409e+03 inf 0.000000000000000000e+00
3.334795781177181652e+03 inf 0.000000000000000000e+00
4.405777301305246510e+03 inf 0.000000000000000000e+00
3.938102872513773491e+03 inf 0.000000000000000000e+00
4.378013594896374343e+03 inf 0.000000000000000000e+00
3.219837717095986136e+03 inf 0.000000000000000000e+00
3.324557627186420177e+03 inf 0.000000000000000000e+00
3.617514679861162676e+03 inf 0.000000000000000000e+00
3.165498421972738470e+03 inf 0.000000000000000000e+00
3.825245393633833828e+03 inf 0.000000000000000000e+00
3.877445403832825832e+03 inf 0.000000000000000000e+00
4.469902833917739372e+03 inf 0.000000000000000000e+00
3.880857335447361947e+03 inf 0.000000000000000000e+00
3.471955321922678650e+03 inf 0.000000000000000000e+00
3.608756557254702329e+03 inf 0.000000000000000000e+00
